# As_1e9 ns H0 omegab omegam roman_B1_1 roman_B1_2 roman_B1_3 roman_B1_4 roman_B1_5 roman_B1_6 roman_B1_7 roman_B1_8 roman_DZ_L1 roman_DZ_L2 roman_DZ_L3 roman_DZ_L4 roman_DZ_L5 roman_DZ_L6 roman_DZ_L7 roman_DZ_L8 roman_DZ_S1 roman_DZ_S2 roman_DZ_S3 roman_DZ_S4 roman_DZ_S5 roman_DZ_S6 roman_DZ_S7 roman_DZ_S8 roman_A1_1 roman_A1_2 roman_M1 roman_M2 roman_M3 roman_M4 roman_M5 roman_M6 roman_M7 roman_M8
3.170514919693220163e-03 3.071532754685052705e-04 -8.436020049622675043e-02 -1.114744636201928790e-04 -3.258367552221560820e-05 -1.252367351544519405e-04 -1.088104172047269392e-04 -7.126402953771293386e-05 -4.032878088844679140e-05 -2.043693707754055914e-05 -1.435949880438458114e-06 2.742639272859018925e-05 -1.918147289191803897e-05 -5.552505663392807815e-06 -5.117185279748280306e-06 4.605230527513386627e-07 1.778136468732513363e-06 -2.631456052265241120e-06 -4.458597947318490568e-07 -5.488034742556223499e-06 9.783779324205069847e-07 -1.551546202779726207e-06 -1.394276935199095108e-06 -2.296285485702784200e-06 -3.392131171956267362e-06 -2.511048787660497468e-06 -1.975947558295817301e-06 1.096169950016762390e-06 3.097636814604716011e-06 8.324051088582155834e-05 1.693721728676765033e-05 -3.452500487945112320e-06 -7.404803089509833692e-06 -7.937591898840023826e-06 -6.774509500980532378e-06 -7.327249016965710575e-06 -5.541388549538505294e-06 -4.191256291926348216e-06 -9.818541480918833609e-07
3.071532754685052705e-04 4.264400027026411739e-05 -9.374827503822761796e-03 -1.095854871058543960e-05 -4.752729947298122181e-07 -8.195066580178580806e-06 1.014275195393126931e-06 8.352510021356213674e-06 1.357285882759890305e-05 1.787040923024908005e-05 2.097690301240661412e-05 2.622291260960812350e-05 2.782901626106134242e-05 -2.924397370353282086e-06 -2.254893509211202015e-06 -1.420715920440523574e-06 -9.713040488036993659e-07 -9.665248075569579073e-07 -5.181013015351813779e-07 -9.355148919215229285e-07 -6.065076295048593484e-07 -6.615614142807085684e-07 -6.144598706369318404e-07 -8.135050569511948609e-07 -6.760373942020664664e-07 -4.675409152114833219e-07 -7.176021056267408332e-08 4.723771396876344193e-07 8.950368907647886892e-07 2.228890923827539668e-05 -2.080974833070640238e-05 -1.100921856916472282e-06 -2.440794891878884550e-06 -6.959332272830505830e-07 4.576696120304470924e-07 1.509733562440570540e-06 2.507932422584523708e-06 3.563643115769918939e-06 4.775590738630941852e-06
-8.436020049622675043e-02 -9.374827503822761796e-03 3.237913300577561770e+00 4.597024722903780142e-03 -8.347346752779730324e-04 -1.169737365684744867e-04 -1.069082423189802707e-03 -2.397431797144768811e-03 -3.505572107453913157e-03 -4.219263998189702776e-03 -4.911071349680497591e-03 -6.270385343178743950e-03 -6.131936074614186515e-03 3.659742102646719691e-04 4.752893000743115318e-04 3.853665314510216415e-04 3.063872569589358788e-04 4.394157811558067265e-04 2.871416105384262197e-04 4.710668772450898488e-04 1.551076848969147940e-04 2.075611404416609460e-05 1.470678344739323842e-04 2.092372533269978093e-04 2.402164613850775151e-04 1.622479319531835637e-04 6.221913475964441068e-05 -6.911381749644583629e-05 -1.893972845448452897e-04 -2.256028112463828381e-03 -2.905114179061032368e-03 5.480985664293368888e-05 3.686847469740331200e-04 2.865420669691787193e-04 1.603569496504436578e-04 8.952327832360781640e-05 -7.079487156660115791e-05 -2.488821800425953276e-04 -4.894818904475800895e-04
-1.114744636201928790e-04 -1.095854871058543960e-05 4.597024722903780142e-03 8.536393469765899943e-06 1.415494227305682503e-06 3.691908101598662370e-06 3.663798563288101263e-06 2.823442527579537127e-06 1.493762751472241280e-06 1.315746482670721143e-06 5.158220468859264036e-07 -5.430899769492466301e-07 1.671545577514112847e-06 1.854359153843472908e-07 7.981695420258662811e-08 3.153602470302536831e-08 -2.718497020447506763e-07 3.882862178665292964e-08 -2.215793563956043254e-07 9.126418621602152791e-08 -3.335486901071970801e-07 7.173034890111979886e-08 -4.151141009418591322e-08 -3.107971411809977148e-08 8.868275771543902630e-08 4.283544455340073274e-08 2.791359071817735475e-08 -7.860071026801384769e-08 -7.189057692803374401e-08 -3.022561929210758252e-06 -8.014423896086606101e-07 4.667672991107608069e-08 9.766924996403339906e-08 -5.361550441061862603e-08 -2.312289963135104759e-07 -1.841387230430752581e-07 -2.591069764145218681e-07 -2.771983984320990146e-07 -3.478487514494158330e-07
-3.258367552221560820e-05 -4.752729947298122181e-07 -8.347346752779730324e-04 1.415494227305682503e-06 8.906018823035229937e-06 1.595987565455867356e-05 1.700107475591959631e-05 1.822991071173213308e-05 1.831429942742541792e-05 1.936275233131025495e-05 1.946081550881792891e-05 2.131525572025701369e-05 2.650245186181776004e-05 -3.456136984722963103e-07 -1.407635111321025775e-06 -1.535558772250023280e-06 -1.884600916004411839e-06 -1.745369125688269506e-06 -1.668007881983804265e-06 -1.673101687857091674e-06 -1.364656849470520764e-06 3.296190861004415666e-07 -6.205296420653892331e-07 -8.329980768096875988e-07 -7.382027594285825069e-07 -5.238422179909130404e-07 -1.706268048773596784e-07 1.068430028408148948e-08 4.309102619623222633e-07 -4.973274737010774724e-06 2.106989282916411072e-05 3.127546226498231124e-07 -6.682558872222512666e-07 -1.144183646086470586e-06 -1.335921793990368028e-06 -1.219757193074821590e-06 -9.579320311093064365e-07 -4.803257522496914522e-07 9.347568117288993662e-08
-1.252367351544519405e-04 -8.195066580178580806e-06 -1.169737365684744867e-04 3.691908101598662370e-06 1.595987565455867356e-05 4.038774909093135887e-05 3.764313782664199787e-05 3.915359862388304414e-05 3.828796627813849823e-05 3.948285151616535787e-05 3.942648897583449149e-05 4.242560140315041199e-05 5.411015137500103700e-05 9.651806731740396186e-07 -1.433499409268453532e-06 -1.556963915457689119e-06 -2.398623760989033787e-06 -2.251475465165379161e-06 -2.551707474109636417e-06 -2.433325043454468709e-06 -2.053903460348642777e-06 7.331575765715529282e-07 -3.976299240061055028e-07 -5.630584193282770383e-07 -4.057270071462016616e-07 -1.831706130035948263e-07 1.626676940439852426e-07 2.889596170281047137e-07 6.815510030924251618e-07 -1.375987034142994127e-05 3.445577509741565460e-05 5.708009384747836892e-07 5.537180871673566177e-07 7.731246369620947093e-07 8.743342775185428483e-07 1.392454186355442390e-06 1.997166008723581767e-06 2.803824662673937152e-06 3.646950145945031985e-06
-1.088104172047269392e-04 1.014275195393126931e-06 -1.069082423189802707e-03 3.663798563288101263e-06 1.700107475591959631e-05 3.764313782664199787e-05 5.487085641445710023e-05 5.004300745800133393e-05 5.156159790099293339e-05 5.491493203504825744e-05 5.603240881595435732e-05 6.125704700897471563e-05 7.774780316848861183e-05 -2.347428902704442347e-06 -1.360674753356431203e-06 -3.855313970636574719e-06 -3.676806938889243633e-06 -3.059203793277057666e-06 -3.152228106181391856e-06 -2.987328270609299625e-06 -2.628415996424610954e-06 3.436507859473668839e-07 -7.427707310911869395e-07 -1.085278247349550997e-06 -9.565022317685447718e-07 -4.942925738647246372e-07 3.016249663262300132e-07 5.986968615397198942e-07 1.271782773255770410e-06 8.763540622996341994e-07 2.914646174886296998e-05 4.608219691096648416e-07 -1.739481064854165763e-06 -3.254103092334249784e-07 1.350935220957943994e-06 2.746385375467862535e-06 4.057734507068888392e-06 5.798847046344135987e-06 7.541285424676657957e-06
-7.126402953771293386e-05 8.352510021356213674e-06 -2.397431797144768811e-03 2.823442527579537127e-06 1.822991071173213308e-05 3.915359862388304414e-05 5.004300745800133393e-05 6.579546952901609317e-05 5.793120350410631221e-05 6.254340908039258094e-05 6.434226428588525159e-05 7.103404518272054570e-05 8.915758532867100353e-05 -3.024272148669304019e-06 -4.182749126141487009e-06 -1.674574117177088806e-06 -4.852833497853699313e-06 -3.449957622389540090e-06 -3.383102775091330759e-06 -3.157615159469333005e-06 -2.720655357022678675e-06 -9.710846650249486596e-08 -9.305863488008736328e-07 -1.459865779783687850e-06 -9.189440690226402231e-07 -6.962952982229316582e-07 2.743174405515120609e-07 6.954382696202026655e-07 1.507459660587012637e-06 5.113241325695144165e-06 1.064267124713746600e-05 -2.025133016053903441e-07 -1.541740298186710476e-06 -1.536522073782552299e-07 9.804696044265052662e-07 3.363864705771222090e-06 4.930442014376789468e-06 7.005688143508367557e-06 9.086914840368006831e-06
-4.032878088844679140e-05 1.357285882759890305e-05 -3.505572107453913157e-03 1.493762751472241280e-06 1.831429942742541792e-05 3.828796627813849823e-05 5.156159790099293339e-05 5.793120350410631221e-05 7.192134741928639169e-05 6.588272142512385354e-05 6.835533964682648407e-05 7.577350575476282516e-05 9.459755556327552144e-05 -3.767966333480088450e-06 -4.347323131382018658e-06 -4.588536721597662102e-06 -1.788295973330591661e-06 -4.237110707016483723e-06 -3.450929050809941791e-06 -3.286717757741262833e-06 -2.756126405952258295e-06 -2.332929576428156325e-07 -1.254000891854756970e-06 -1.520443107062949235e-06 -1.299006242376096138e-06 -5.178609763845915508e-07 2.627407289716725511e-07 8.127370552364254456e-07 1.582610763565249937e-06 9.355958760578476265e-06 -2.479220670074757999e-06 -4.317477934854880240e-07 -2.445137996359099062e-06 2.904653446395328289e-07 1.729050999579162707e-06 3.374047285042147207e-06 5.575410796432356748e-06 7.812340844705614946e-06 1.015732580515131867e-05
-2.043693707754055914e-05 1.787040923024908005e-05 -4.219263998189702776e-03 1.315746482670721143e-06 1.936275233131025495e-05 3.948285151616535787e-05 5.491493203504825744e-05 6.254340908039258094e-05 6.588272142512385354e-05 8.319466265094956428e-05 7.443555861240125089e-05 8.273360993125354309e-05 1.030881582392376849e-04 -4.459789536560387897e-06 -4.913258796317695871e-06 -4.861199514864145419e-06 -5.217023962330295076e-06 -7.987822752167203184e-07 -4.301769278588458975e-06 -3.581094101670192367e-06 -2.980287100635850563e-06 -3.759759697496296090e-07 -1.505071219034818234e-06 -1.950685845738500096e-06 -1.259677272987730538e-06 -8.385056464507217333e-07 4.230906420237545740e-07 9.044708514563190043e-07 1.775743926532814950e-06 1.221653338559249884e-05 -1.691951905667951953e-05 -5.974877877787515613e-07 -3.226874395148080362e-06 -9.628205632944128161e-08 1.954713504313948491e-06 4.028451997892244908e-06 5.867495321032134324e-06 8.588275476578365088e-06 1.125839245898780816e-05
-1.435949880438458114e-06 2.097690301240661412e-05 -4.911071349680497591e-03 5.158220468859264036e-07 1.946081550881792891e-05 3.942648897583449149e-05 5.603240881595435732e-05 6.434226428588525159e-05 6.835533964682648407e-05 7.443555861240125089e-05 8.802034557507159771e-05 8.627248589898055980e-05 1.074158874314077650e-04 -4.886666222073999150e-06 -5.142330787479876206e-06 -5.099217883011208780e-06 -5.357841140679937406e-06 -4.400252759388996792e-06 -6.264163187190992659e-07 -3.880923239173270432e-06 -3.119517574782346270e-06 -3.749626135407467530e-07 -1.522728006486525346e-06 -2.028962076911435871e-06 -1.422385848514415226e-06 -8.168810995721199432e-07 1.646739224104752543e-07 1.023243051006710829e-06 1.799129383510334627e-06 1.578682141484193821e-05 -2.183610695745798200e-05 -8.068590348428900064e-07 -3.521540451425257088e-06 -7.738497126525944681e-08 2.061216417481906269e-06 4.673767913415945701e-06 6.718818001049633082e-06 9.260489214607933912e-06 1.209887248501447784e-05
2.742639272859018925e-05 2.622291260960812350e-05 -6.270385343178743950e-03 -5.430899769492466301e-07 2.131525572025701369e-05 4.242560140315041199e-05 6.125704700897471563e-05 7.103404518272054570e-05 7.577350575476282516e-05 8.273360993125354309e-05 8.627248589898055980e-05 1.063646602307363477e-04 1.193822874979058699e-04 -5.606482432573107821e-06 -5.859463322688083099e-06 -5.682074444105158536e-06 -5.947331324913189950e-06 -4.964854993109804479e-06 -4.661704791123897093e-06 -2.259377079057332475e-07 -3.353101661354311465e-06 -5.406361097933709446e-07 -1.757784041710258463e-06 -2.313394127674779195e-06 -1.735082224807506807e-06 -1.115384042937274008e-06 1.228422700701776681e-07 9.237905286097507475e-07 2.371211476869030786e-06 1.819954557802305956e-05 -2.687327658287579546e-05 -9.307115188569094588e-07 -4.071451467776298205e-06 -3.143200109051280864e-07 2.186175135339398518e-06 5.081701695032714838e-06 7.582093367248343263e-06 1.039686485432554877e-05 1.343097968791147218e-05
-1.918147289191803897e-05 2.782901626106134242e-05 -6.131936074614186515e-03 1.671545577514112847e-06 2.650245186181776004e-05 5.411015137500103700e-05 7.774780316848861183e-05 8.915758532867100353e-05 9.459755556327552144e-05 1.030881582392376849e-04 1.074158874314077650e-04 1.193822874979058699e-04 1.588268861401665756e-04 -7.030279414315151654e-06 -7.227904631396548044e-06 -7.146133728237950637e-06 -7.432810057041308703e-06 -6.135585213658500993e-06 -5.727446164222827858e-06 -5.185244023610161934e-06 1.741709846237708700e-06 -6.173551869900385500e-07 -2.171263587816748572e-06 -2.871915403797581103e-06 -2.162863599981723321e-06 -1.257698473078570894e-06 6.264862658637040355e-08 1.137865574600377161e-06 2.791426449738848826e-06 2.239740408045317241e-05 -5.055907369122259316e-05 -1.148153840658846923e-06 -5.092104458175921750e-06 -1.045914755502377137e-07 3.165760095290725445e-06 6.689088013844985321e-06 9.947049800937543532e-06 1.353583949185167497e-05 1.719702717540376436e-05
-5.552505663392807815e-06 -2.924397370353282086e-06 3.659742102646719691e-04 1.854359153843472908e-07 -3.456136984722963103e-07 9.651806731740396186e-07 -2.347428902704442347e-06 -3.024272148669304019e-06 -3.767966333480088450e-06 -4.459789536560387897e-06 -4.886666222073999150e-06 -5.606482432573107821e-06 -7.030279414315151654e-06 1.662244980030230659e-06 7.438888872015574309e-07 8.630267216632675444e-07 6.976767907618545600e-07 5.129177107741146016e-07 3.730843210568382473e-07 2.735653002991201872e-07 1.603410133076481505e-07 3.853382823120653572e-07 2.943697636446906418e-07 3.540768448415982694e-07 3.320691172830119798e-07 2.663776037497433986e-07 1.258729219188103699e-07 -2.493636963851243524e-09 -1.073493257915971472e-07 -6.109839117202157809e-06 1.375443310813088121e-05 3.256387653826999309e-07 1.154946966094453975e-06 6.683855227592518791e-07 2.353067535571429964e-07 -1.174635825477379495e-07 -3.870674713040824679e-07 -6.881333463948629070e-07 -1.000986521933117698e-06
-5.117185279748280306e-06 -2.254893509211202015e-06 4.752893000743115318e-04 7.981695420258662811e-08 -1.407635111321025775e-06 -1.433499409268453532e-06 -1.360674753356431203e-06 -4.182749126141487009e-06 -4.347323131382018658e-06 -4.913258796317695871e-06 -5.142330787479876206e-06 -5.859463322688083099e-06 -7.227904631396548044e-06 7.438888872015574309e-07 1.708703536406268722e-06 4.410700943821424496e-07 6.431133573067124245e-07 5.595357813167740051e-07 4.798824350243299345e-07 4.230556894167977653e-07 1.628357827830622064e-07 3.380085365270239829e-07 3.997242743689438625e-07 4.172372906349788964e-07 2.473085141065600983e-07 2.478550583010869305e-07 1.589908533074848648e-07 9.954807578637343036e-08 -6.313763570151393638e-08 -2.721767517975830810e-06 2.044433601529372727e-05 4.175837343117137926e-07 8.106990251547494092e-07 2.149142997473719381e-07 2.747748006337782278e-07 -2.018054790558140482e-08 -2.128023402346953244e-07 -4.245681306303743491e-07 -6.254407785934134793e-07
4.605230527513386627e-07 -1.420715920440523574e-06 3.853665314510216415e-04 3.153602470302536831e-08 -1.535558772250023280e-06 -1.556963915457689119e-06 -3.855313970636574719e-06 -1.674574117177088806e-06 -4.588536721597662102e-06 -4.861199514864145419e-06 -5.099217883011208780e-06 -5.682074444105158536e-06 -7.146133728237950637e-06 8.630267216632675444e-07 4.410700943821424496e-07 2.460091078849128501e-06 4.962371832746003529e-07 6.559318542410496684e-07 6.040493647826033679e-07 5.593292328459979125e-07 2.772147115868301119e-07 1.129492347974539148e-07 4.701239809393731590e-07 3.827123877885488629e-07 4.640286198465393122e-07 2.559690012807038709e-07 1.814127549015102077e-07 1.347820196895907361e-07 -2.569314960473433702e-08 -2.993730238971281269e-06 1.355216764214586899e-05 1.415243874225453419e-07 1.186415025084103553e-06 5.094123323992161529e-07 -1.123431374066540688e-07 3.479506271759844623e-08 -1.543642314062078410e-07 -3.501693633373286316e-07 -5.533666773024205150e-07
1.778136468732513363e-06 -9.713040488036993659e-07 3.063872569589358788e-04 -2.718497020447506763e-07 -1.884600916004411839e-06 -2.398623760989033787e-06 -3.676806938889243633e-06 -4.852833497853699313e-06 -1.788295973330591661e-06 -5.217023962330295076e-06 -5.357841140679937406e-06 -5.947331324913189950e-06 -7.432810057041308703e-06 6.976767907618545600e-07 6.431133573067124245e-07 4.962371832746003529e-07 3.520443733976007616e-06 6.206050720430793684e-07 6.932649781913839253e-07 6.511150311646288975e-07 3.510291027673015364e-07 8.656451429322657226e-08 3.128139425526907046e-07 5.210399695001815372e-07 3.093698718987361349e-07 4.982287190213818054e-07 1.993959088859365928e-07 1.409612025975134578e-07 5.364296527163349344e-09 -2.134222392411314280e-06 5.779920126720726654e-06 1.220379738009129085e-07 8.114447082034981277e-07 7.980036355207036339e-07 3.442912668393139437e-07 -2.973092363360262698e-07 -1.272920932462336085e-07 -2.905663150952510921e-07 -4.559893800629205419e-07
-2.631456052265241120e-06 -9.665248075569579073e-07 4.394157811558067265e-04 3.882862178665292964e-08 -1.745369125688269506e-06 -2.251475465165379161e-06 -3.059203793277057666e-06 -3.449957622389540090e-06 -4.237110707016483723e-06 -7.987822752167203184e-07 -4.400252759388996792e-06 -4.964854993109804479e-06 -6.135585213658500993e-06 5.129177107741146016e-07 5.595357813167740051e-07 6.559318542410496684e-07 6.206050720430793684e-07 4.918410429936335447e-06 6.784781493888675125e-07 6.573038582700962101e-07 3.931062750829807388e-07 7.604773173727670499e-08 2.241789642187019088e-07 2.677804134801348514e-07 5.278532277299960869e-07 2.947661179524065804e-07 5.366477287340449939e-07 2.029587143745593516e-07 4.969419168759433367e-08 -1.806260864860895581e-06 -6.532209768398620241e-06 7.722844735965973371e-08 6.116585011039813687e-07 5.844893728200632724e-07 4.787413913045583997e-07 9.566687423259652960e-08 -3.955978513814038569e-07 -2.888012835777505199e-07 -3.974450610467488925e-07
-4.458597947318490568e-07 -5.181013015351813779e-07 2.871416105384262197e-04 -2.215793563956043254e-07 -1.668007881983804265e-06 -2.551707474109636417e-06 -3.152228106181391856e-06 -3.383102775091330759e-06 -3.450929050809941791e-06 -4.301769278588458975e-06 -6.264163187190992659e-07 -4.661704791123897093e-06 -5.727446164222827858e-06 3.730843210568382473e-07 4.798824350243299345e-07 6.040493647826033679e-07 6.932649781913839253e-07 6.784781493888675125e-07 6.875792736449540927e-06 7.076335463739568303e-07 5.018686184652454422e-07 1.361781506253914556e-07 2.142620384303987176e-07 1.893834271842266580e-07 2.714033646783840638e-07 3.482032342836771968e-07 2.821579120451671612e-07 5.169503692373108339e-07 3.836847671771141387e-08 -1.189045290985386816e-06 -1.535028955164038583e-05 1.220928235325862328e-07 4.167231506947591677e-07 4.238570499027737774e-07 2.710353412788612035e-07 2.714109886832357313e-07 -1.520657504478732233e-07 -5.224394473358268756e-07 -4.934383176892948582e-07
-5.488034742556223499e-06 -9.355148919215229285e-07 4.710668772450898488e-04 9.126418621602152791e-08 -1.673101687857091674e-06 -2.433325043454468709e-06 -2.987328270609299625e-06 -3.157615159469333005e-06 -3.286717757741262833e-06 -3.581094101670192367e-06 -3.880923239173270432e-06 -2.259377079057332475e-07 -5.185244023610161934e-06 2.735653002991201872e-07 4.230556894167977653e-07 5.593292328459979125e-07 6.511150311646288975e-07 6.573038582700962101e-07 7.076335463739568303e-07 1.005061465463568125e-05 8.217241025253302370e-07 1.214183271651501735e-07 1.927923629790213663e-07 1.203245946561736835e-07 1.789892159284956275e-07 1.560361437324383340e-07 3.069776943915519510e-07 2.182106584619640910e-07 4.108365597799492645e-07 -1.169124064308751345e-06 -2.316042755438600138e-05 1.727562941349977517e-07 3.195658732771353699e-07 4.693932174335708800e-07 3.124504497661861500e-07 3.175776173490670954e-07 1.900996759485100624e-07 -1.148524648261568846e-07 -4.096776846417659104e-07
9.783779324205069847e-07 -6.065076295048593484e-07 1.551076848969147940e-04 -3.335486901071970801e-07 -1.364656849470520764e-06 -2.053903460348642777e-06 -2.628415996424610954e-06 -2.720655357022678675e-06 -2.756126405952258295e-06 -2.980287100635850563e-06 -3.119517574782346270e-06 -3.353101661354311465e-06 1.741709846237708700e-06 1.603410133076481505e-07 1.628357827830622064e-07 2.772147115868301119e-07 3.510291027673015364e-07 3.931062750829807388e-07 5.018686184652454422e-07 8.217241025253302370e-07 1.586854130233592976e-05 4.120391969629861701e-07 2.749261040286651993e-08 -6.044816923909490234e-09 -6.673926499638915945e-08 -1.013123290454219729e-08 -5.713423614412468396e-08 1.130898066757504577e-07 7.657618515243113169e-07 -1.640389623424928209e-06 -6.115275738207768120e-05 1.953850947253814888e-07 1.343750766464524963e-07 1.676816625738835065e-07 2.453530179802217269e-07 1.537100748821422463e-07 1.555172132376927782e-07 -1.998782632396115514e-08 -3.245160513665063044e-07
-1.551546202779726207e-06 -6.615614142807085684e-07 2.075611404416609460e-05 7.173034890111979886e-08 3.296190861004415666e-07 7.331575765715529282e-07 3.436507859473668839e-07 -9.710846650249486596e-08 -2.332929576428156325e-07 -3.759759697496296090e-07 -3.749626135407467530e-07 -5.406361097933709446e-07 -6.173551869900385500e-07 3.853382823120653572e-07 3.380085365270239829e-07 1.129492347974539148e-07 8.656451429322657226e-08 7.604773173727669175e-08 1.361781506253914556e-07 1.214183271651501735e-07 4.120391969629861701e-07 3.080772945471812400e-06 6.810125409583290370e-07 2.205443937183660905e-07 6.268769872720608300e-09 -8.994851123570790142e-08 -9.522700622235163277e-08 -9.368581938383823545e-08 -2.312239883453422967e-08 6.747692609524595008e-06 -7.049946775370130863e-05 -6.252976865347481432e-07 2.365644263631312931e-07 2.726816759005421544e-07 2.363947369797826130e-07 1.276731269947231620e-07 5.828960618537897027e-09 -1.203186353727411694e-07 -2.547400760165782623e-07
-1.394276935199095108e-06 -6.144598706369318404e-07 1.470678344739323842e-04 -4.151141009418591322e-08 -6.205296420653892331e-07 -3.976299240061055028e-07 -7.427707310911869395e-07 -9.305863488008736328e-07 -1.254000891854756970e-06 -1.505071219034818234e-06 -1.522728006486525346e-06 -1.757784041710258463e-06 -2.171263587816748572e-06 2.943697636446906418e-07 3.997242743689438625e-07 4.701239809393731590e-07 3.128139425526907046e-07 2.241789642187019088e-07 2.142620384303987176e-07 1.927923629790213663e-07 2.749261040286651993e-08 6.810125409583290370e-07 1.941830795754810743e-06 3.729800945976205677e-07 2.612128582997468404e-07 1.626648267745363091e-07 5.493545434282593896e-08 5.222883174016896752e-08 -6.833821580032854176e-08 4.664779036224715699e-06 -4.189841747220531936e-07 3.110936650702840630e-07 -2.177467190594943766e-06 4.775233608821110328e-07 3.870441299945721101e-07 3.538017140137661668e-07 3.117078837897789994e-07 1.994737920503955122e-07 1.206507288990644926e-07
-2.296285485702784200e-06 -8.135050569511948609e-07 2.092372533269978093e-04 -3.107971411809977148e-08 -8.329980768096875988e-07 -5.630584193282770383e-07 -1.085278247349550997e-06 -1.459865779783687850e-06 -1.520443107062949235e-06 -1.950685845738500096e-06 -2.028962076911435871e-06 -2.313394127674779195e-06 -2.871915403797581103e-06 3.540768448415982694e-07 4.172372906349788964e-07 3.827123877885488629e-07 5.210399695001815372e-07 2.677804134801348514e-07 1.893834271842266580e-07 1.203245946561736835e-07 -6.044816923909490234e-09 2.205443937183660905e-07 3.729800945976205677e-07 1.980347329165004103e-06 3.184799411766540430e-07 2.403915250552282657e-07 1.045498893632699326e-07 5.416179260187132964e-08 -4.334949732021515064e-08 2.747317321258163767e-06 1.700872234866982567e-05 1.401744317626861708e-07 3.876147027334630059e-07 -1.835392531329282095e-06 3.039802454787542862e-07 2.442929266242120883e-07 2.237854276509254198e-07 1.588301083195789878e-07 6.875610373416567481e-08
-3.392131171956267362e-06 -6.760373942020664664e-07 2.402164613850775151e-04 8.868275771543902630e-08 -7.382027594285825069e-07 -4.057270071462016616e-07 -9.565022317685447718e-07 -9.189440690226402231e-07 -1.299006242376096349e-06 -1.259677272987730538e-06 -1.422385848514415226e-06 -1.735082224807506807e-06 -2.162863599981723321e-06 3.320691172830119798e-07 2.473085141065600983e-07 4.640286198465393122e-07 3.093698718987361349e-07 5.278532277299960869e-07 2.714033646783840638e-07 1.789892159284956275e-07 -6.673926499638915945e-08 6.268769872720607472e-09 2.612128582997468404e-07 3.184799411766540430e-07 2.261487734240623897e-06 2.967371525158693106e-07 1.792274769584480351e-07 1.205509260506504012e-07 -2.838574632959271437e-08 1.957079176356534936e-06 2.115795031745298962e-05 -1.784199533920308896e-08 3.251121521518196992e-07 3.224308000196782690e-07 -1.631427101371350795e-06 2.263246128952591705e-07 2.077196905929094546e-07 1.868918826487689502e-07 1.552388352972269201e-07
-2.511048787660497468e-06 -4.675409152114833219e-07 1.622479319531835637e-04 4.283544455340072613e-08 -5.238422179909130404e-07 -1.831706130035948263e-07 -4.942925738647246372e-07 -6.962952982229316582e-07 -5.178609763845915508e-07 -8.385056464507217333e-07 -8.168810995721199432e-07 -1.115384042937274008e-06 -1.257698473078570894e-06 2.663776037497433986e-07 2.478550583010868776e-07 2.559690012807038709e-07 4.982287190213818054e-07 2.947661179524065804e-07 3.482032342836771968e-07 1.560361437324383340e-07 -1.013123290454219729e-08 -8.994851123570790142e-08 1.626648267745363091e-07 2.403915250552282657e-07 2.967371525158693106e-07 2.486276627932929969e-06 2.395700365190055604e-07 1.120590825518745535e-07 4.485166560113254376e-09 9.103697193560912266e-07 2.052633766793869784e-05 -3.013215352484138098e-08 2.417130426673113845e-07 2.626524430886199294e-07 2.130998859014619631e-07 -1.376877376693130014e-06 1.582809425334029721e-07 1.648455527951296885e-07 1.375499025463318828e-07
-1.975947558295817301e-06 -7.176021056267408332e-08 6.221913475964442424e-05 2.791359071817735805e-08 -1.706268048773596784e-07 1.626676940439852426e-07 3.016249663262300132e-07 2.743174405515120609e-07 2.627407289716725511e-07 4.230906420237545740e-07 1.646739224104752543e-07 1.228422700701776681e-07 6.264862658637040355e-08 1.258729219188103699e-07 1.589908533074848648e-07 1.814127549015102077e-07 1.993959088859365928e-07 5.366477287340449939e-07 2.821579120451671612e-07 3.069776943915519510e-07 -5.713423614412468396e-08 -9.522700622235163277e-08 5.493545434282593896e-08 1.045498893632699326e-07 1.792274769584480351e-07 2.395700365190055604e-07 2.848224170849061071e-06 2.096232357192320364e-07 9.164635301032658455e-08 5.288929659126941228e-07 1.314362426880392001e-05 -5.224866759944739054e-08 8.708979353135017135e-08 1.209564415899562239e-07 1.058349792488117305e-07 7.108667978151083948e-08 -1.145584722493703683e-06 7.423869138204890170e-08 1.213697485298892203e-07
1.096169950016762390e-06 4.723771396876344193e-07 -6.911381749644583629e-05 -7.860071026801384769e-08 1.068430028408148948e-08 2.889596170281047137e-07 5.986968615397198942e-07 6.954382696202026655e-07 8.127370552364254456e-07 9.044708514563190043e-07 1.023243051006710829e-06 9.237905286097507475e-07 1.137865574600377161e-06 -2.493636963851243524e-09 9.954807578637343036e-08 1.347820196895907361e-07 1.409612025975134843e-07 2.029587143745593516e-07 5.169503692373108339e-07 2.182106584619640910e-07 1.130898066757504577e-07 -9.368581938383823545e-08 5.222883174016896752e-08 5.416179260187132964e-08 1.205509260506504012e-07 1.120590825518745535e-07 2.096232357192320364e-07 3.180474409424815931e-06 1.194828817950903230e-07 4.137813257601857383e-07 8.063642505593696929e-06 -9.287749365754938081e-08 -7.526384623722693138e-08 1.196954843666822234e-08 3.495125860079805708e-11 7.269040855102280034e-08 5.055289442379034525e-08 -7.784837591111754009e-07 1.338862683167810360e-07
3.097636814604716011e-06 8.950368907647886892e-07 -1.893972845448452897e-04 -7.189057692803374401e-08 4.309102619623222633e-07 6.815510030924251618e-07 1.271782773255770410e-06 1.507459660587012637e-06 1.582610763565249937e-06 1.775743926532814950e-06 1.799129383510334627e-06 2.371211476869030786e-06 2.791426449738848826e-06 -1.073493257915971472e-07 -6.313763570151394961e-08 -2.569314960473433702e-08 5.364296527163346863e-09 4.969419168759433367e-08 3.836847671771142049e-08 4.108365597799492645e-07 7.657618515243113169e-07 -2.312239883453422967e-08 -6.833821580032855500e-08 -4.334949732021515064e-08 -2.838574632959271437e-08 4.485166560113254376e-09 9.164635301032658455e-08 1.194828817950903230e-07 3.673844507471086762e-06 -1.532473865858843116e-08 -2.594993248838003789e-06 -4.854807735760213694e-08 -2.115899610364008388e-07 -1.637849324027191400e-07 -1.014984786563011653e-07 -4.710786912369732529e-08 1.924516171025065860e-08 4.830277481949226645e-08 -4.677333711810496588e-07
8.324051088582155834e-05 2.228890923827539668e-05 -2.256028112463828381e-03 -3.022561929210758252e-06 -4.973274737010774724e-06 -1.375987034142994127e-05 8.763540622996341994e-07 5.113241325695144165e-06 9.355958760578476265e-06 1.221653338559249884e-05 1.578682141484193821e-05 1.819954557802305956e-05 2.239740408045317241e-05 -6.109839117202157809e-06 -2.721767517975830810e-06 -2.993730238971281269e-06 -2.134222392411314280e-06 -1.806260864860895581e-06 -1.189045290985386816e-06 -1.169124064308751345e-06 -1.640389623424928209e-06 6.747692609524595008e-06 4.664779036224715699e-06 2.747317321258163767e-06 1.957079176356534936e-06 9.103697193560912266e-07 5.288929659126941228e-07 4.137813257601857383e-07 -1.532473865858843116e-08 1.601070946465017806e-04 -1.156007309806354012e-04 -9.408212301013634715e-07 -1.194268904086848752e-05 -4.384767782038306379e-06 -7.685831822620733630e-08 3.209291684945933183e-06 5.224993411294213376e-06 6.884502194030937055e-06 8.406031626889457249e-06
1.693721728676765033e-05 -2.080974833070640238e-05 -2.905114179061032368e-03 -8.014423896086606101e-07 2.106989282916411072e-05 3.445577509741565460e-05 2.914646174886296998e-05 1.064267124713746600e-05 -2.479220670074757999e-06 -1.691951905667951953e-05 -2.183610695745798200e-05 -2.687327658287579546e-05 -5.055907369122259316e-05 1.375443310813088121e-05 2.044433601529372727e-05 1.355216764214586899e-05 5.779920126720726654e-06 -6.532209768398620241e-06 -1.535028955164038583e-05 -2.316042755438600138e-05 -6.115275738207768120e-05 -7.049946775370130863e-05 -4.189841747220531936e-07 1.700872234866982567e-05 2.115795031745298962e-05 2.052633766793869784e-05 1.314362426880392001e-05 8.063642505593696929e-06 -2.594993248838003789e-06 -1.156007309806354012e-04 7.844942155742329337e-03 -1.572118545156359475e-05 3.232911007528097057e-05 6.150296866363974791e-06 -2.381517171756622889e-06 -8.074959698168491690e-06 -8.693911147594274701e-06 -8.533961420929246994e-06 -6.725828957411534296e-06
-3.452500487945112320e-06 -1.100921856916472282e-06 5.480985664293368888e-05 4.667672991107608069e-08 3.127546226498232183e-07 5.708009384747836892e-07 4.608219691096648416e-07 -2.025133016053903176e-07 -4.317477934854880240e-07 -5.974877877787515613e-07 -8.068590348428900064e-07 -9.307115188569094588e-07 -1.148153840658846923e-06 3.256387653826999309e-07 4.175837343117137926e-07 1.415243874225453419e-07 1.220379738009129085e-07 7.722844735965973371e-08 1.220928235325862592e-07 1.727562941349977517e-07 1.953850947253814888e-07 -6.252976865347481432e-07 3.110936650702840630e-07 1.401744317626861708e-07 -1.784199533920307903e-08 -3.013215352484138760e-08 -5.224866759944739054e-08 -9.287749365754938081e-08 -4.854807735760213694e-08 -9.408212301013634715e-07 -1.572118545156359475e-05 2.410900976108594764e-05 4.791925325385349895e-07 2.937324456061090357e-07 2.007000559166283025e-07 3.561005002235384994e-08 -1.370043591654535453e-07 -2.261791801518351501e-07 -3.267604845020488731e-07
-7.404803089509833692e-06 -2.440794891878884550e-06 3.686847469740331200e-04 9.766924996403339906e-08 -6.682558872222512666e-07 5.537180871673566177e-07 -1.739481064854165763e-06 -1.541740298186710476e-06 -2.445137996359099062e-06 -3.226874395148080362e-06 -3.521540451425257088e-06 -4.071451467776298205e-06 -5.092104458175921750e-06 1.154946966094453975e-06 8.106990251547494092e-07 1.186415025084103553e-06 8.114447082034981277e-07 6.116585011039813687e-07 4.167231506947591677e-07 3.195658732771353699e-07 1.343750766464524963e-07 2.365644263631312931e-07 -2.177467190594943766e-06 3.876147027334630059e-07 3.251121521518196992e-07 2.417130426673113845e-07 8.708979353135017135e-08 -7.526384623722691814e-08 -2.115899610364008388e-07 -1.194268904086848752e-05 3.232911007528097057e-05 4.791925325385350953e-07 1.598907878198473249e-05 2.342453228599389919e-06 1.739900606502731773e-06 1.246331395056445106e-06 8.837402129160569994e-07 5.367959944439932463e-07 1.492847849265763426e-07
-7.937591898840023826e-06 -6.959332272830505830e-07 2.865420669691787193e-04 -5.361550441061862603e-08 -1.144183646086470586e-06 7.731246369620947093e-07 -3.254103092334249784e-07 -1.536522073782552299e-07 2.904653446395328289e-07 -9.628205632944128161e-08 -7.738497126525947328e-08 -3.143200109051280864e-07 -1.045914755502377137e-07 6.683855227592518791e-07 2.149142997473719381e-07 5.094123323992161529e-07 7.980036355207036339e-07 5.844893728200632724e-07 4.238570499027737774e-07 4.693932174335708800e-07 1.676816625738835065e-07 2.726816759005421544e-07 4.775233608821110328e-07 -1.835392531329282095e-06 3.224308000196782690e-07 2.626524430886199294e-07 1.209564415899562239e-07 1.196954843666822234e-08 -1.637849324027191665e-07 -4.384767782038306379e-06 6.150296866363974791e-06 2.937324456061090357e-07 2.342453228599389919e-06 9.929832834414306349e-06 2.604223114686523356e-06 2.355049434276543836e-06 2.212546652158837975e-06 1.993268307088920626e-06 1.779325967245422629e-06
-6.774509500980532378e-06 4.576696120304470924e-07 1.603569496504436578e-04 -2.312289963135104759e-07 -1.335921793990368028e-06 8.743342775185428483e-07 1.350935220957943994e-06 9.804696044265052662e-07 1.729050999579162707e-06 1.954713504313948491e-06 2.061216417481906269e-06 2.186175135339398518e-06 3.165760095290725445e-06 2.353067535571429964e-07 2.747748006337782278e-07 -1.123431374066540688e-07 3.442912668393139437e-07 4.787413913045583997e-07 2.710353412788612035e-07 3.124504497661861500e-07 2.453530179802217269e-07 2.363947369797826130e-07 3.870441299945721101e-07 3.039802454787542862e-07 -1.631427101371350795e-06 2.130998859014619631e-07 1.058349792488117305e-07 3.495125860079805708e-11 -1.014984786563011653e-07 -7.685831822620733630e-08 -2.381517171756622889e-06 2.007000559166283025e-07 1.739900606502731773e-06 2.604223114686523356e-06 7.167833863654083844e-06 2.876651330127122891e-06 2.828855827490947593e-06 2.757517828042643180e-06 2.625532407113776459e-06
-7.327249016965710575e-06 1.509733562440570540e-06 8.952327832360780285e-05 -1.841387230430752581e-07 -1.219757193074821590e-06 1.392454186355442390e-06 2.746385375467862535e-06 3.363864705771222090e-06 3.374047285042147207e-06 4.028451997892244908e-06 4.673767913415945701e-06 5.081701695032714838e-06 6.689088013844985321e-06 -1.174635825477379495e-07 -2.018054790558140482e-08 3.479506271759845284e-08 -2.973092363360262698e-07 9.566687423259652960e-08 2.714109886832357313e-07 3.175776173490670424e-07 1.537100748821422463e-07 1.276731269947231620e-07 3.538017140137661668e-07 2.442929266242120883e-07 2.263246128952591705e-07 -1.376877376693130014e-06 7.108667978151083948e-08 7.269040855102280034e-08 -4.710786912369732529e-08 3.209291684945933183e-06 -8.074959698168491690e-06 3.561005002235384994e-08 1.246331395056445106e-06 2.355049434276543836e-06 2.876651330127122891e-06 5.915945879632226727e-06 3.375953024971003216e-06 3.396880200437858646e-06 3.386684428275430085e-06
-5.541388549538505294e-06 2.507932422584523708e-06 -7.079487156660115791e-05 -2.591069764145218681e-07 -9.579320311093064365e-07 1.997166008723581767e-06 4.057734507068888392e-06 4.930442014376789468e-06 5.575410796432356748e-06 5.867495321032134324e-06 6.718818001049633082e-06 7.582093367248343263e-06 9.947049800937543532e-06 -3.870674713040824679e-07 -2.128023402346953244e-07 -1.543642314062078410e-07 -1.272920932462336085e-07 -3.955978513814038569e-07 -1.520657504478731968e-07 1.900996759485101154e-07 1.555172132376927782e-07 5.828960618537899508e-09 3.117078837897789994e-07 2.237854276509254198e-07 2.077196905929094546e-07 1.582809425334029721e-07 -1.145584722493703683e-06 5.055289442379034525e-08 1.924516171025065860e-08 5.224993411294213376e-06 -8.693911147594274701e-06 -1.370043591654535453e-07 8.837402129160569994e-07 2.212546652158837975e-06 2.828855827490947593e-06 3.375953024971003216e-06 5.373645647716083968e-06 3.887760410532573267e-06 3.959098873900742847e-06
-4.191256291926348216e-06 3.563643115769918939e-06 -2.488821800425953276e-04 -2.771983984320990146e-07 -4.803257522496914522e-07 2.803824662673937152e-06 5.798847046344135987e-06 7.005688143508367557e-06 7.812340844705614946e-06 8.588275476578365088e-06 9.260489214607933912e-06 1.039686485432554877e-05 1.353583949185167497e-05 -6.881333463948629070e-07 -4.245681306303743491e-07 -3.501693633373286316e-07 -2.905663150952510921e-07 -2.888012835777505199e-07 -5.224394473358268756e-07 -1.148524648261568846e-07 -1.998782632396115514e-08 -1.203186353727411694e-07 1.994737920503955122e-07 1.588301083195789878e-07 1.868918826487689502e-07 1.648455527951296885e-07 7.423869138204890170e-08 -7.784837591111754009e-07 4.830277481949226645e-08 6.884502194030937055e-06 -8.533961420929246994e-06 -2.261791801518351501e-07 5.367959944439932463e-07 1.993268307088920626e-06 2.757517828042643180e-06 3.396880200437858646e-06 3.887760410532573267e-06 5.295916807283661238e-06 4.463578104415587512e-06
-9.818541480918854784e-07 4.775590738630941852e-06 -4.894818904475803064e-04 -3.478487514494162036e-07 9.347568117288993662e-08 3.646950145945032832e-06 7.541285424676657110e-06 9.086914840368006831e-06 1.015732580515131698e-05 1.125839245898780816e-05 1.209887248501448123e-05 1.343097968791147218e-05 1.719702717540376097e-05 -1.000986521933118121e-06 -6.254407785934136910e-07 -5.533666773024205150e-07 -4.559893800629205419e-07 -3.974450610467488925e-07 -4.934383176892948582e-07 -4.096776846417660162e-07 -3.245160513665063573e-07 -2.547400760165782093e-07 1.206507288990645456e-07 6.875610373416567481e-08 1.552388352972267877e-07 1.375499025463319093e-07 1.213697485298892468e-07 1.338862683167810095e-07 -4.677333711810496588e-07 8.406031626889457249e-06 -6.725828957411531755e-06 -3.267604845020489790e-07 1.492847849265763426e-07 1.779325967245422629e-06 2.625532407113776459e-06 3.386684428275430932e-06 3.959098873900742847e-06 4.463578104415587512e-06 5.569026780555111206e-06
